SCF BASIS
15 11
0 0 7 2.0 1.0
  52426.9992330              0.55207164100D-03
   7863.2660552              0.42678595308D-02
   1789.5227333              0.21931529186D-01
    506.27300165             0.85667168373D-01
    164.60698546             0.24840686605
     58.391918722            0.46336753971
     21.643663201            0.35350558156
0 0 3 2.0 1.0
     99.013837620            0.21895679958D-01
     30.550439817            0.95650470295D-01
      5.4537087661          -0.29454270186
0 0 2 2.0 1.0
      2.6503362563           1.3294381200
      1.2726688867           0.66109396473
0 0 1 0 1.0
      0.31645005203          1.0000000
0 0 1 0 1.0
      0.11417466938          1.0000000
0 2 5 6.0 1.0
    472.27219248             0.25710623052D-02
    111.58882756             0.20250297999D-01
     35.445936418            0.91580716787D-01
     12.990776875            0.25749454014
      5.0486221658           0.42862899758
0 2 1 3.0 1.0
      1.9934049566            1.0
0 2 1 0 1.0
      0.66527284430          1.0000000
0 2 1 0 1.0
      0.25516832128          1.0000000
0 2 1 0 1.0
      0.90357762251D-01      1.0000000
0 3 1 0 1.0
      0.218000000            1.0000000




AUXILIARY BASIS
15 37
0 0 2 0 1.0
    299.02239127             1.18280040
    105.53104017              .06130569
0 0 1 0 1.0
     38.45666140            1.0
0 0 1 0 1.0
     13.18151043             1.0000000
0 0 1 0 1.0
      7.67135153             1.0000000
0 0 1 0 1.0
      4.03409415             1.0000000
0 0 1 0 1.0
      1.69455023             1.0000000
0 0 1 0 1.0
       .72764573             1.0000000
0 0 1 0 1.0
       0.63290010406             1.0
0 0 1 0 1.0
       0.43062472141             1.0
0 0 1 0 1.0
       .31718400             1.0000000
0 0 1 0 1.0
       0.22834933876            1.00
0 0 1 0 1.0
       .144             1.0
0 0 1 0 1.0
       .06             1.0
0 2 1 0 1.0
     89.31440733             1.0
0 2 1 0 1.0
     12.45122715             1.0
0 2 1 0 1.0
      6.18569317             1.0
0 2 1 0 1.0
      2.20221854             1.0
0 2 1 0 1.0
      1.36302664895             1.0000000
0 2 1 0 1.0
       .87430756             1.0000000
0 2 1 0 1.0
       0.57161837331             1.0
0 2 1 0 1.0
       0.38807540247           1.0
0 2 1 0 1.0
       0.204532431631            1.0
0 2 1 0 1.0
       0.13            1.0
0 2 1 0 1.0
       0.07           1.0
0 3 2 0 1.0
     54.52241961              .63626601
     17.58552162             1.54574911
0 3 1 0 1.0
      5.05626997              1.0
0 3 1 0 1.0
      2.78509427              1.0
0 3 1 0 1.0
       .86436165             1.0000000
0 3 1 0 1.0
       .48264476             1.0000000
0 3 1 0 1.0
       0.33217466938             1.00
0 3 1 0 1.0
       0.180715524502             1.00
0 4 1 0 1.0
      9.0738102843           1.0000000
0 4 1 0 1.0
      3.5046468322           1.0000000
0 4 1 0 1.0
      1.3807901291           1.0000000
0 4 1 0 1.0
      0.75615139217          1.0000000
0 4 1 0 1.0
      0.38481386692          1.0000000
0 5 1 0 1.0
      0.55          1.00